{
 "cells": [
  {
   "cell_type": "markdown",
   "id": "6d1b1bbb",
   "metadata": {},
   "source": [
    "# EDA With Red Wine Dataset\n",
    "\n",
    "\n",
    "---"
   ]
  },
  {
   "cell_type": "code",
   "execution_count": null,
   "id": "e76ee789",
   "metadata": {},
   "outputs": [
    {
     "data": {
      "text/html": [
       "<div>\n",
       "<style scoped>\n",
       "    .dataframe tbody tr th:only-of-type {\n",
       "        vertical-align: middle;\n",
       "    }\n",
       "\n",
       "    .dataframe tbody tr th {\n",
       "        vertical-align: top;\n",
       "    }\n",
       "\n",
       "    .dataframe thead th {\n",
       "        text-align: right;\n",
       "    }\n",
       "</style>\n",
       "<table border=\"1\" class=\"dataframe\">\n",
       "  <thead>\n",
       "    <tr style=\"text-align: right;\">\n",
       "      <th></th>\n",
       "      <th>fixed acidity</th>\n",
       "      <th>volatile acidity</th>\n",
       "      <th>citric acid</th>\n",
       "      <th>residual sugar</th>\n",
       "      <th>chlorides</th>\n",
       "      <th>free sulfur dioxide</th>\n",
       "      <th>total sulfur dioxide</th>\n",
       "      <th>density</th>\n",
       "      <th>pH</th>\n",
       "      <th>sulphates</th>\n",
       "      <th>alcohol</th>\n",
       "      <th>quality</th>\n",
       "    </tr>\n",
       "  </thead>\n",
       "  <tbody>\n",
       "    <tr>\n",
       "      <th>fixed acidity</th>\n",
       "      <td>1.000000</td>\n",
       "      <td>-0.255124</td>\n",
       "      <td>0.667437</td>\n",
       "      <td>0.111025</td>\n",
       "      <td>0.085886</td>\n",
       "      <td>-0.140580</td>\n",
       "      <td>-0.103777</td>\n",
       "      <td>0.670195</td>\n",
       "      <td>-0.686685</td>\n",
       "      <td>0.190269</td>\n",
       "      <td>-0.061596</td>\n",
       "      <td>0.119024</td>\n",
       "    </tr>\n",
       "    <tr>\n",
       "      <th>volatile acidity</th>\n",
       "      <td>-0.255124</td>\n",
       "      <td>1.000000</td>\n",
       "      <td>-0.551248</td>\n",
       "      <td>-0.002449</td>\n",
       "      <td>0.055154</td>\n",
       "      <td>-0.020945</td>\n",
       "      <td>0.071701</td>\n",
       "      <td>0.023943</td>\n",
       "      <td>0.247111</td>\n",
       "      <td>-0.256948</td>\n",
       "      <td>-0.197812</td>\n",
       "      <td>-0.395214</td>\n",
       "    </tr>\n",
       "    <tr>\n",
       "      <th>citric acid</th>\n",
       "      <td>0.667437</td>\n",
       "      <td>-0.551248</td>\n",
       "      <td>1.000000</td>\n",
       "      <td>0.143892</td>\n",
       "      <td>0.210195</td>\n",
       "      <td>-0.048004</td>\n",
       "      <td>0.047358</td>\n",
       "      <td>0.357962</td>\n",
       "      <td>-0.550310</td>\n",
       "      <td>0.326062</td>\n",
       "      <td>0.105108</td>\n",
       "      <td>0.228057</td>\n",
       "    </tr>\n",
       "    <tr>\n",
       "      <th>residual sugar</th>\n",
       "      <td>0.111025</td>\n",
       "      <td>-0.002449</td>\n",
       "      <td>0.143892</td>\n",
       "      <td>1.000000</td>\n",
       "      <td>0.026656</td>\n",
       "      <td>0.160527</td>\n",
       "      <td>0.201038</td>\n",
       "      <td>0.324522</td>\n",
       "      <td>-0.083143</td>\n",
       "      <td>-0.011837</td>\n",
       "      <td>0.063281</td>\n",
       "      <td>0.013640</td>\n",
       "    </tr>\n",
       "    <tr>\n",
       "      <th>chlorides</th>\n",
       "      <td>0.085886</td>\n",
       "      <td>0.055154</td>\n",
       "      <td>0.210195</td>\n",
       "      <td>0.026656</td>\n",
       "      <td>1.000000</td>\n",
       "      <td>0.000749</td>\n",
       "      <td>0.045773</td>\n",
       "      <td>0.193592</td>\n",
       "      <td>-0.270893</td>\n",
       "      <td>0.394557</td>\n",
       "      <td>-0.223824</td>\n",
       "      <td>-0.130988</td>\n",
       "    </tr>\n",
       "    <tr>\n",
       "      <th>free sulfur dioxide</th>\n",
       "      <td>-0.140580</td>\n",
       "      <td>-0.020945</td>\n",
       "      <td>-0.048004</td>\n",
       "      <td>0.160527</td>\n",
       "      <td>0.000749</td>\n",
       "      <td>1.000000</td>\n",
       "      <td>0.667246</td>\n",
       "      <td>-0.018071</td>\n",
       "      <td>0.056631</td>\n",
       "      <td>0.054126</td>\n",
       "      <td>-0.080125</td>\n",
       "      <td>-0.050463</td>\n",
       "    </tr>\n",
       "    <tr>\n",
       "      <th>total sulfur dioxide</th>\n",
       "      <td>-0.103777</td>\n",
       "      <td>0.071701</td>\n",
       "      <td>0.047358</td>\n",
       "      <td>0.201038</td>\n",
       "      <td>0.045773</td>\n",
       "      <td>0.667246</td>\n",
       "      <td>1.000000</td>\n",
       "      <td>0.078141</td>\n",
       "      <td>-0.079257</td>\n",
       "      <td>0.035291</td>\n",
       "      <td>-0.217829</td>\n",
       "      <td>-0.177855</td>\n",
       "    </tr>\n",
       "    <tr>\n",
       "      <th>density</th>\n",
       "      <td>0.670195</td>\n",
       "      <td>0.023943</td>\n",
       "      <td>0.357962</td>\n",
       "      <td>0.324522</td>\n",
       "      <td>0.193592</td>\n",
       "      <td>-0.018071</td>\n",
       "      <td>0.078141</td>\n",
       "      <td>1.000000</td>\n",
       "      <td>-0.355617</td>\n",
       "      <td>0.146036</td>\n",
       "      <td>-0.504995</td>\n",
       "      <td>-0.184252</td>\n",
       "    </tr>\n",
       "    <tr>\n",
       "      <th>pH</th>\n",
       "      <td>-0.686685</td>\n",
       "      <td>0.247111</td>\n",
       "      <td>-0.550310</td>\n",
       "      <td>-0.083143</td>\n",
       "      <td>-0.270893</td>\n",
       "      <td>0.056631</td>\n",
       "      <td>-0.079257</td>\n",
       "      <td>-0.355617</td>\n",
       "      <td>1.000000</td>\n",
       "      <td>-0.214134</td>\n",
       "      <td>0.213418</td>\n",
       "      <td>-0.055245</td>\n",
       "    </tr>\n",
       "    <tr>\n",
       "      <th>sulphates</th>\n",
       "      <td>0.190269</td>\n",
       "      <td>-0.256948</td>\n",
       "      <td>0.326062</td>\n",
       "      <td>-0.011837</td>\n",
       "      <td>0.394557</td>\n",
       "      <td>0.054126</td>\n",
       "      <td>0.035291</td>\n",
       "      <td>0.146036</td>\n",
       "      <td>-0.214134</td>\n",
       "      <td>1.000000</td>\n",
       "      <td>0.091621</td>\n",
       "      <td>0.248835</td>\n",
       "    </tr>\n",
       "    <tr>\n",
       "      <th>alcohol</th>\n",
       "      <td>-0.061596</td>\n",
       "      <td>-0.197812</td>\n",
       "      <td>0.105108</td>\n",
       "      <td>0.063281</td>\n",
       "      <td>-0.223824</td>\n",
       "      <td>-0.080125</td>\n",
       "      <td>-0.217829</td>\n",
       "      <td>-0.504995</td>\n",
       "      <td>0.213418</td>\n",
       "      <td>0.091621</td>\n",
       "      <td>1.000000</td>\n",
       "      <td>0.480343</td>\n",
       "    </tr>\n",
       "    <tr>\n",
       "      <th>quality</th>\n",
       "      <td>0.119024</td>\n",
       "      <td>-0.395214</td>\n",
       "      <td>0.228057</td>\n",
       "      <td>0.013640</td>\n",
       "      <td>-0.130988</td>\n",
       "      <td>-0.050463</td>\n",
       "      <td>-0.177855</td>\n",
       "      <td>-0.184252</td>\n",
       "      <td>-0.055245</td>\n",
       "      <td>0.248835</td>\n",
       "      <td>0.480343</td>\n",
       "      <td>1.000000</td>\n",
       "    </tr>\n",
       "  </tbody>\n",
       "</table>\n",
       "</div>"
      ],
      "text/plain": [
       "                      fixed acidity  volatile acidity  citric acid  \\\n",
       "fixed acidity              1.000000         -0.255124     0.667437   \n",
       "volatile acidity          -0.255124          1.000000    -0.551248   \n",
       "citric acid                0.667437         -0.551248     1.000000   \n",
       "residual sugar             0.111025         -0.002449     0.143892   \n",
       "chlorides                  0.085886          0.055154     0.210195   \n",
       "free sulfur dioxide       -0.140580         -0.020945    -0.048004   \n",
       "total sulfur dioxide      -0.103777          0.071701     0.047358   \n",
       "density                    0.670195          0.023943     0.357962   \n",
       "pH                        -0.686685          0.247111    -0.550310   \n",
       "sulphates                  0.190269         -0.256948     0.326062   \n",
       "alcohol                   -0.061596         -0.197812     0.105108   \n",
       "quality                    0.119024         -0.395214     0.228057   \n",
       "\n",
       "                      residual sugar  chlorides  free sulfur dioxide  \\\n",
       "fixed acidity               0.111025   0.085886            -0.140580   \n",
       "volatile acidity           -0.002449   0.055154            -0.020945   \n",
       "citric acid                 0.143892   0.210195            -0.048004   \n",
       "residual sugar              1.000000   0.026656             0.160527   \n",
       "chlorides                   0.026656   1.000000             0.000749   \n",
       "free sulfur dioxide         0.160527   0.000749             1.000000   \n",
       "total sulfur dioxide        0.201038   0.045773             0.667246   \n",
       "density                     0.324522   0.193592            -0.018071   \n",
       "pH                         -0.083143  -0.270893             0.056631   \n",
       "sulphates                  -0.011837   0.394557             0.054126   \n",
       "alcohol                     0.063281  -0.223824            -0.080125   \n",
       "quality                     0.013640  -0.130988            -0.050463   \n",
       "\n",
       "                      total sulfur dioxide   density        pH  sulphates  \\\n",
       "fixed acidity                    -0.103777  0.670195 -0.686685   0.190269   \n",
       "volatile acidity                  0.071701  0.023943  0.247111  -0.256948   \n",
       "citric acid                       0.047358  0.357962 -0.550310   0.326062   \n",
       "residual sugar                    0.201038  0.324522 -0.083143  -0.011837   \n",
       "chlorides                         0.045773  0.193592 -0.270893   0.394557   \n",
       "free sulfur dioxide               0.667246 -0.018071  0.056631   0.054126   \n",
       "total sulfur dioxide              1.000000  0.078141 -0.079257   0.035291   \n",
       "density                           0.078141  1.000000 -0.355617   0.146036   \n",
       "pH                               -0.079257 -0.355617  1.000000  -0.214134   \n",
       "sulphates                         0.035291  0.146036 -0.214134   1.000000   \n",
       "alcohol                          -0.217829 -0.504995  0.213418   0.091621   \n",
       "quality                          -0.177855 -0.184252 -0.055245   0.248835   \n",
       "\n",
       "                       alcohol   quality  \n",
       "fixed acidity        -0.061596  0.119024  \n",
       "volatile acidity     -0.197812 -0.395214  \n",
       "citric acid           0.105108  0.228057  \n",
       "residual sugar        0.063281  0.013640  \n",
       "chlorides            -0.223824 -0.130988  \n",
       "free sulfur dioxide  -0.080125 -0.050463  \n",
       "total sulfur dioxide -0.217829 -0.177855  \n",
       "density              -0.504995 -0.184252  \n",
       "pH                    0.213418 -0.055245  \n",
       "sulphates             0.091621  0.248835  \n",
       "alcohol               1.000000  0.480343  \n",
       "quality               0.480343  1.000000  "
      ]
     },
     "execution_count": 15,
     "metadata": {},
     "output_type": "execute_result"
    }
   ],
   "source": [
    "import pandas as pd\n",
    "\n",
    "df = pd.read_csv('winequality-red.csv')\n",
    "\n",
    "df.info()       # info regarding columns\n",
    "df.describe()   # info overall descriptive summary\n",
    "df.shape        # info | rows x columns |\n",
    "df.columns      # All column names\n",
    "df['quality'].unique() # returns all unique values\n",
    "df.isnull().sum() # Checks missing values\n",
    "df.duplicated()   # True / False based on row\n",
    "df[df.duplicated()]   # returns dublicate values\n",
    "df.drop_duplicates(inplace=True) # removes all dublicate\n",
    "df.corr()   # Describes all Correlations\n"
   ]
  },
  {
   "cell_type": "code",
   "execution_count": null,
   "id": "c6c8e409",
   "metadata": {},
   "outputs": [],
   "source": []
  },
  {
   "cell_type": "code",
   "execution_count": null,
   "id": "c41b3273",
   "metadata": {},
   "outputs": [],
   "source": []
  }
 ],
 "metadata": {
  "kernelspec": {
   "display_name": "Python 3",
   "language": "python",
   "name": "python3"
  },
  "language_info": {
   "codemirror_mode": {
    "name": "ipython",
    "version": 3
   },
   "file_extension": ".py",
   "mimetype": "text/x-python",
   "name": "python",
   "nbconvert_exporter": "python",
   "pygments_lexer": "ipython3",
   "version": "3.10.11"
  }
 },
 "nbformat": 4,
 "nbformat_minor": 5
}
